1619406242153111552
1620150843050975235
1613361931674423296
1616035166354382849
1586040559583563777
1615503202727739393
1619357257141030913
1612577455469957121
1616098691772735491
1618800965041197056
1611437192026689536
1612922959190020106
1614434821178007554
1613336297392799745
1620090845692317696
1601341235410747393
1608177919221710849
1612564167579533313
1615892070345973763
1613433151866421248
1583056483373436930
1616829152342192130
1612668132044193794
1615807896368910340
1612812444237443073
1607036066543935496
1617196642599329793
1618725232201670658
1614983962136383488
1618420960947802115
1585698115675426834
1619431545345015808
1620344404115595265
1612551709825597440
1617889961662988289
1611423297798868994
1613666057448787968
1614327545062719490
1619143234034491397
1620151350536605696
1613244191370514432
1611394440265973760
1613694943658221568
1612560342097317901
1613342096479621121
1618702123973378048
1613336299229908994
1619493025528291330
1618762531685781504
1615091523648987140
1578061934825558022
1611769770700947456
1619617644239257602
1612196735538937856
1608946306218704897
1615470529242357761
1612781216402382849
1612760719753183232
1585376819016077312
1584992018090135553
1619900711034126337
1613546794549673985
1615009499344936966
1611447767557341184
1612237532443578368
1613234433552703516
1612918100382326795
1615709515747295232
1613319894237597696
1612418852104683522
1614264850711986176
1616319631148601345
1615916431698427904
1614329431354490882
1615747621972312065
1611465893929689120
1617247007730532352
1615745964811354112
1614744233142849536
1615797256090750995
1614329305735266305
1616197384710590469
1610425777228488705
1604627573916385280
1606122964792930312
1610033320024219654
1610825914803159046
1605625474163490816
1608592848999284736
1607462754159366149
1610650180176515072
1604493941197262848
1609942720457445376
1610649378670141440
1610592468621299713
1609278208599535618
1605344608933683200
1608216496383168512
1610649262517354498
1603916408001265664
1608551647940157441
1608475170779566082
1611101480089489408
1610969491218767874
1603166212770381829
1603916408001265664
1608583770378014720
1606069573643632644
1608115565314412555
1605719871475572738
1605388887085522944
1610477411623223296
1605301688642179074
1604986132466663424
1607451308360974336
1611116918781652992
1607828793435033601
1609613004747821056
1607913609140502533
1603389420685520896
1608114842153676800
1605625474163490816
1605011930095431680
1607386334963945472
1610592379345506305
1608584054538145795
1605051581996666886
1604957244067663880
1608243641876627456
1604865136535212037
1610767965246427139
1604818203309494272
1605382555821277185
1610378820997222400
1607745617052172295
1604178521022402560
1604506101881487363
1610305990032850944
1610592586271543298
1608613840484171778
1610381826362839040
1604268999407243264
1607937201123344384
1608551645381816321
1605691349998739459
1608551642676486144
1603830832908599313
1608606415211347968
1607768393691631616
1603390166894186496
1607746193509027842
1608123996658098178
1605322158313537537
1605331992807366657
1608243641876627456
1607388376671391754
1610776233129771008
1602788753386270721
1603420375190118401
1600912330833158144
1601383193352974338
1599868500868468736
1603116997193211907
1603863733649887232
1598787503313469440
1598732616835903490
1599889125020028928
1599117516135186439
1600248929366421505
1599048534715949064
1601382126615932930
1602679966163906561
1603520927861547011
1599682575257280513
1602783671731224576
1601573115213250560
1600021646517178370
1599512617566904321
1602364160377065472
1599504189587005441
1601638664697942018
1602557281652072448
1600841306560937986
1600490911116533762
1602704109890568192
1600675706031280129
1599840531752026112
1603208226740310016
1603683905978204161
1598757399799660555
1602557286601433088
1600316870334509056
1600446473849536513
1603533196582338566
1602777268652507136
1600350688156041216
1599936661890080768
1600355969526992897
1603149079789408257
1603867256571715597
1600446471379111937
1602910057137668102
1600996142975799296
1603540451172163584
1602694672769585153
1600290241692069888
1600935216461189120
1600905555425595393
1603169221864837121
1603488753875574797
1603518532083392520
1600713073274355713
1602315175679377410
1600400688756195329
1603573601889828864
1600297791896670209
1602105961228820482
1602136164177252353
1602827287648505856
1599543071301160960
1602854262085672966
1592631026542682114
1594824373516607513
1592857682465423361
1598083314845650946
1592294960619212801
1597374715353387010
1597036879752605696
1594549965682098176
1597980083980881922
1597251471187349504
1592635513101774848
1598429355566583810
1598558902529929216
1590917234758516736
1594922782080765952
1594841232014209024
1595455887224832003
1593447697016848386
1592150528590745600
1591879512215650307
1593251534829019136
1592162577932492804
1594854634862120960
1598182382703874051
1597317540597751809
1596278436477427713
1597717944821501953
1597274169326112769
1592150677282820097
1592954419120721920
1598476183351721984
1592452658346037254
1596595760195579904
1598608789057454085
1598608794128351233
1596232347896414208
1595023512397283328
1595454806159753216
1597742203400503296
1594688700092657672
1592893196303880195
1590376267706413056
1597704453423091721
1591989301553790976
1598597217438248961
1592574400183865353
1592929318849900544
1598608791661993985
1591128619874545664
1599098288875053056
1591937357733060609
1597099918174261248
1592857015348596736
1597696910378221568
1594103228349693953
1592940987856617472
1593398580978384897
1590463851392536578
1595112130768179202
1594748007672860672
1596307754494308354
1593316791903821824
1592669547206672384
1598209079654187008
1592150838465757184
1593700905475403777
1595172742072045577
1592819679667843072
1595553256129921024
1594396405694693384
1598738047478079489
1594181281197264898
1597887246266667008
1591676029600354306
1591823210156359682
1593838484116176897
1594864957505605635
1593254469328064516
1587494014059675648
1587682624193060864
1587176330759585793
1590175882714701829
1587167487090511872
1585559475544625152
1586192848650575872
1589986307992092672
1586436206417551360
1586050160278192128
1588642089533046784
1585413464910184448
1585360316330049537
1588283935695699968
1590101861134045185
1586236710979272705
1587527397141889024
1589506686250893313
1584972730168119296
1589407285570195457
1590079208650407936
1586193805882990592
1585833778722885632
1590173630482481152
1587798741792481280
1585905952095543296
1589316692412342272
1585667640311386119
1587255417117151232
1590102167972884480
1585619464686551042
1587957738033774598
1586588751928647681
1590166078109487107
1585661701277597696
1586773677869342724
1590126575185727488
1529837960191000578
1586993919987830784
1585290152674369537
1586652182585102336
1589993791792246786
1587144857730314240
1586906236213415936
1584847206774755329
1586192063749496832
1589619970912026625
1590340023345242118
1585780383219449856
1587558851666116609
1585866449721196545
1587139166076297217
1589619610663677952
1585686322290823168
1588266894599102465
1587298421366464514
1585255675961253888
1585319094836158464
1590607692044926976
1586462093116526593
1585817806657961984
1589627292271411200
1589674114897219587
1588727805130420224
1587807060195958786
1585353069436469281
1587025587608195072
1588488778955751424
1588824732614508544
1587465236214431746
1584999244079169536
1579932349512327168
1581072818988806144
1579939904456257537
1583240647581917184
1579532216622891008
1584628293382205440
1582136874742779911
1578762140856438790
1581944128501207041
1578365257730621440
1582370930675916800
1580034315500785671
1582453965454774278
1584655540893851648
1580317393812856841
1584484854418362369
1577386296108060678
1582871992113299458
1580295334273900544
1582771053645946882
1583689652065959936
1582554022094942208
1580649581720780800
1582598713016340480
1581814204339740675
1582889249996537861
1581321502196056064
1584551892927270913
1583918615132258305
1580103522108198913
1582085179379572736
1582830331451035649
1579526232718573568
1582097705840824321
1580317684402597888
1585029650085859329
1581102559095308291
1582467566261264385
1581649403336888321
1583205863082582016
1579525284742991872
1583681037002977280
1581661248151756801
1584539714677133313
1581803422789275648
1582813215892770816
1582903173806579712
1581816054082596864
1582816351747334145
1580826077454180352
1579662786095120387
1578027793015013376
1578632444903034881
1583178740837687296
1582903416073748481
1582358938120773638
1579947450554466304
1578433361101860864
1581107282024140802
1579774313888378880
1582916224790716417
1580363571027853312
1583194535014039552
1580318253540597762
1579530154627723266
1582111544871071745
1580015397679398912
1583971463161257985
1585008860091203586
1582284149510918145
1581624834249093121
1580366507795976192
1551598588899237894
1580458260347621376
1584999873140883458
1576723707120189442
1582254396863180800
1583825202542059520
1580034315500785671
1576135564012945408
1574381058421923841
1571499280598081536
1577440931661467650
1572737638863622144
1573084730064519179
1574958798879395841
1575593981617971200
1574041863572852738
1572035313270067200
1577362046055759881
1573009820403245058
1574575847411163136
1577667860503175168
1574994814604660738
1571544585507045377
1575330778229063681
1572976936984481792
1573099837691609089
1577269361592893442
1571529481805828097
1575244211426934784
1574020906015285250
1571635303281991682
1572022382315044865
1575065342271012865
1571799823279599621
1577483760991363072
1578120409031082005
1574500305395335169
1572655208223887360
1577814644290293762
1574689320752975872
1575636551249399808
1577946912631685120
1577813697489240068
1574701632335511553
1574689215375368193
1574911768341762050
1572283099370901509
1571952262389403649
1575241801488773120
1573439473312215040
1576090456005300224
1575213750457597965
1573734013713485828
1573517665913737218
1575562303289761793
1574832638975774738
1573151379866132480
1573824606951055360
1572350744900079616
1578170478224560128
1575590797688606721
1575575652551790592
1572720295282364416
1573847253067759616
1574821177771499521
1572005114432262144
1574689424499171330
1575266605398986754
1572983170433269761
1575591248571682816
1571941509884420096
1571941399561474048
1574539270987173903
1573474798059003912
1577433392169160704
1572263994949341184
1572737402249936896
1575614992128233472
1575554288482484237
1574954153721200640
1570868540303114240
1572669492953772034
1572656733310312448
1573016782549426177
1571679106181525504
1572195171516796929
1573779306194427904
1573482347835506691
1567675201952923648
1570474303719903233
1565158968934207493
1564541954557345792
1567615062004604930
1564696958760931329
1570334118201929728
1564257345261211648
1567634329437700098
1566955071992102913
1565584847640600576
1565225483553640449
1570474302494965760
1564512974378876928
1564689917422276612
1570310181472575488
1565409807980429313
1565026996484194304
1567187903545049089
1570163438143569920
1568544951667146752
1567379094991523844
1565407024317431809
1563172417518059521
1564796404945801221
1564632551825752070
1570095924818354177
1568932731622490112
1564253031507660804
1569960440100278272
1569778369809498112
1565672614944600071
1568754407222956032
1565865040070283264
1564131021930614784
1563547384012947456
1568179936397082626
1570344924561768453
1567957270453194753
1568056211014025217
1570443929543380993
1570228049303699456
1570533052664659971
1570170536189374464
1569643930496471041
1567952734623596548
1565139260864450560
1565293400554778626
1569252105289928704
1570610110325739526
1568941223137746946
1563141170578034689
1568093552554528768
1565217892089692160
1565593011236528130
1565685292136144896
1567615016651689987
1565688368788254721
1563133246187384833
1565667401743495168
1570185169234952193
1569224436544376832
1570744679385436160
1564542047708643328
1566628418640560128
1567679116031262724
1569698157457555457
1563973276992503809
1567821682680762369
1564596187969331200
1563410984768880640
1563363215425163272
1563889136775356423
1563173671107182592
1564774459172478976
1569738653827567619
1569017472006627329
1568013276507774980
1566766614049087496
1564379552230563841
1567392549483970560
1565679646179336192
1566671261379567616
1564542127723495425
1564734930281672704
1567626288780791809
1560493058248114177
1558078468994514944
1559303967364063233
1560179807715004417
1557613057060339713
1559208307411324928
1556822573681360897
1562452875615162368
1562260952791207936
1561688252272222216
1560181257199394822
1559646185165668356
1560977050961412097
1559468054706372611
1558243510825848832
1562438325855666178
1562030144193273857
1557449201642094592
1562004206260817920
1560355856335659008
1558770410203713536
1562590583155314688
1562666861803630593
1558243332500987904
1558078468994514944
1562870023840231424
1559993101846040576
1560189326754979841
1562044289886359552
1557026416151117825
1562631520270970880
1560070497479581702
1560791213921677312
1563041679007174656
1559468052827226113
1560797563141382148
1559468050780508161
1562542574564515840
1560086914778152961
1562428980967329792
1559093688701173760
1562780641842057218
1562648470749556737
1561688261143166976
1562666216384110592
1562386241508761600
1558950815989084161
1559516316167733248
1557011318699225088
1561884727753297922
1558677198063964160
1561379609236701184
1561266834560921600
1557426562227650566
1557350957507379200
1557367951795306496
1560072782918074368
1562104111125897218
1560070499396472832
1558243753390907399
1560327804948025345
1561896003942453249
1561802433155796994
1561365450977693696
1558457607182028801
1559661566223597570
1562371042504491008
1559276240686551042
1560465372855341062
1559732806695018496
1562651511187914756
1560732071248572416
1557717141541068800
1561651308913954820
1559563131529019392
1548729246671142912
1549472205846740996
1553479370383171584
1549931545498198017
1553637880005857280
1552287869204578304
1552005998608539648
1553796818382819330
1550146390197555200
1552158147590197248
1551596628276088833
1553451657748512768
1549857571586150400
1557139663567085571
1549863007026642945
1556784665494622209
1552213497853153280
1552083891741155329
1549209910268686337
1551648608050712578
1549876808299884544
1551903965285163008
1552444561775271936
1554008479358226432
1548009924759732226
1548850038985703424
1556776665425948672
1550190345119535105
1549519458108116992
1550918672910323712
1557269217191264256
1550946895740248078
1550179049598861314
1549605014976360449
1557044470432006146
1552164751895035905
1549174680715595776
1552711742681137152
1549110506027331585
1548487655817547782
1550234376084115457
1549869257743372291
1549018881708228608
1549121360970108928
1553413861478367232
1553867407206166529
1549440648121655298
1551681711129632768
1553192982576173056
1556704164280926214
1551821224375996418
1552302020375285760
1553354178046607360
1551609643163684865
1557085937968070657
1550235048841994242
1549884355006173187
1548446127539662851
1549472212897390599
1557141307600113672
1550580716727050246
1551311260142239745
1557154760871985152
1552296813230710784
1552075040044228608
1549884785769811968
1553364789329633283
1551620799030874114
1552478950869217286
1552769950061821952
1548668846155763712
1546539821727944708
1547328765209956352
1544724567763058688
1544269977603260416
1546481807293661184
1543535276827590657
1545136067589709824
1547024268835291137
1541963764207165446
1544554375225409538
1542070522049077249
1545787980723404800
1541825028978786305
1542615429276995585
1541632608035127297
1546513242775851014
1545418847276130304
1545105368182767616
1542125168683884544
1545067011436421122
1542085473450999809
1546670028476391424
1546374202462191618
1541992363454865410
1542538451764924417
1546956165560651778
1547212498604118016
1546992808480755712
1546685789345615872
1542616184625012742
1547294793121771520
1547236038543826945
1546621112297168896
1541840099188436992
1544742503257088002
1543931314574958592
1544758080872648705
1545279961170186241
1544878959657091073
1542650375815045121
1545150665583824896
1545247452445511680
1546995325222658051
1542249253262827520
1547647031124013062
1547331943477481473
1541958387411320833
1544408132948037632
1543353825515474946
1542245279801434120
1544342737024999426
1546621144358391808
1544703598017351682
1544918539370467329
1544455073664708608
1545418696356765696
1544549117954859009
1543670917213061120
1542060643297202177
1544307877887840260
1546670395670941696
1547623143069560832
1541775164156911621
1547324065496682497
1537173561466847232
1538525010004000768
1539752966546137088
1536528855095287808
1540080271361441795
1536747794307891201
1537664577219051520
1541130974225891328
1541476528940371969
1536737473358856192
1540002984041582593
1539526110182051840
1536424797973913601
1540088557464743936
1537217187718475777
1540215518363262977
1540409422744195072
1536898790594052100
1540471581545304065
1539689000549683200
1540402857790377984
1540031942871097344
1535714742567698432
1540676257855131650
1537902960243380228
1537887878130282496
1541573948311080960
1538951881715814401
1541046124110401538
1540097365843054593
1541161888775634944
1540111169435979779
1541502830292467712
1541550701674987523
1540047115002564608
1537193232312016902
1537902956200071169
1537818549372260352
1539253728489914369
1537670406634713088
1541564534388916224
1541194602635354112
1540531343544553472
1536710337407459328
1537943514733944833
1539258222640603137
1539654019852881920
1538534961506045952
1540477371500863490
1540380588619735040
1539293165890543616
1536933612091998208
1539704026102743045
1537902958553116673
1538526327845830657
1540073905582493697
1536933615481008129
1536468457234890752
1537314212468359168
1536947545766862849
1538444378212945920
1539103282181943296
1537411277739417603
1536808085615943680
1537141205582204937
1541073810677309440
1539480362367295489
1536706364885684224
1541262970516393986
1535955071468457989
1535459097683890176
1535435675671187462
1534293735751798784
1535435347856920579
1529990778361204761
1531427124099309569
1535433169163501568
1534377177994739713
1531741650585886727
1535968048586412032
1535854085496356865
1531934193923543041
1533961407536013313
1532467490789416986
1532087148626722818
1532452663404777472
1535095352260534289
1532774111373471744
1534041224503492610
1534375849654370306
1531843043678208000
1535433873420697600
1535041551985942528
1535434530995294210
1535434275419475970
1534319805754445824
1533555118251057154
1535047077629157377
1532004039046619138
1535433587520065537
1534072520181178369
1533954390066925573
1533840806846636033
1532717154633756674
1532891030034468867
1533433459842105344
1534636712957288449
1531735206629355520
1535430646323105795
1534125006136934400
1534204442068893696
1535361894508371969
1535607784728846337
1534596678413582337
1534943408845881349
1535044080136224778
1535095352260534289
1533478761039073281
1532101330332000257
1535622890833358848
1533920874151149568
1532935172303335426
1532890357725274113
1531637255261011968
1535435048375226368
1534607942703538178
1534996404795592704
1536462248885071878
1534421288223121408
1536092325797306368
1532093375544889344
1533599556285476864
1534084160800927744
1535432510552915969
1529209806229106698
1524127133810888704
1529265610865123330
1527807438761648129
1529605735406923776
1529373158062665728
1530205938572853248
1528681630193184768
1529975732025413637
1529837729688715266
1531270753345318913
1529995804043247626
1528866523829395456
1528458275230040064
1529835838623862785
1528653194489827328
1530128334268538881
1531392525814190081
1529463897434083331
1528694213315022853
1529947434016817162
1529505493294645248
1529841118501912579
1528896074311733248
1529477400194535425
1529993287171551234
1529837960191000578
1529681537385512961
1529975761049948162
1528903675296550913
1528059302795165696
1529947435493212182
1531469036667559937
1528858591968612352
1531538471281602561
1530352155365982208
1529840574118912000
1529144939572887552
1527663512104882176
1529209809873928193
1529835290730414081
1529840769472860160
1529463032283336707
1529842077344878593
1528068085810356225
1528865115449217028
1528695760790900736
1529841564402561026
1531392127091060744
1531056040040710145
1529975729416556545
1530113980135530496
1527732124211724288
1525949139191619585
1526709147630116864
1527658443510775809
1524752010578472960
1525923536522682369
1524517204796092416
1526660710868058113
1525460922587787265
1525249463308132352
1524479459075665920
1527688434634084354
1526623590027755520
1525926492680728577
1526537591041957889
1526193983457722372
1527571180089233410
1524817781971202050
1526986866184138753
1524867410871959566
1526003099529355264
1525181581811339264
1524937523532800020
1527823885600755714
1526660710868058113
1524887142303797250
1526708264792096768
1524434169442582528
1525962512847491072
1524872669895745545
1526667251830726656
1525809467031445506
1526304965723136003
1527688427428274177
1524403659307692039
1527688432901922817
1525932781653606401
1525244069890469895
1527351123602210822
1524780850834984960
1525603024428748808
1525340127022792706
1527554237252648960
1526593386446213120
1526700691842076673
1527195125662769152
1524922404094476301
1525187826136100865
1525309927601872896
1524937514510852097
1525355226466770945
1527589802262122496
1526022409383460866
1527385490915303424
1524119545614581762
1524064349844910081
1521776773867913216
1523758983693045760
1522348741713223686
1518726555798704128
1521278370494877702
1523271579043758080
1523933791030755328
1520073885756051459
1523581037074255873
1521127115940261888
1523667364608614400
1524511029882982400
1523375933645750272
1524544052183531522
1522622034156609538
1523795057492602881
1524687459044532225
1521578595918958593
1521724151253377024
1524390813878390784
1457980309711036419
1521843011751231490
1523920773840195584
1524041576602759170
1523950985869099008
1524167237669584896
1521942020524326914
1522322906319044608
1521165117093601280
1521444598953951232
1521470233772531712
1521272510074998791
1521308561476919298
1522395307627012096
1522203873229877250
1519755914932375553
1521126355643113472
1523781103844302848
1521893232988368898
1521911927823294466
1520810280158220293
1521122885536030720
1523363350935408640
1524298321220804608
1523270562818060291
1522519876266610688
1524610478739279872
1521478431686332416
1524104030875795457
1523374675459330049
1520950017112133633
1523271716243644416
1517123212416622592
1519489073186017280
1519429015559364608
1518296213275172866
1517182627840679938
1517873428098740224
1517158717090721794
1517155213752348672
1516766889950826498
1519040422437437440
1519715567254573056
1517246797839798275
1519313903138013185
1518333966159429638
1518942737277595651
1519677564171735041
1519651037988233216
1517494434090262528
1514966892578066443
1519717455559598080
1519786332863746051
1517011278241632257
1519384402358411269
1516189839837708290
1519670106808365056
1519193245380714497
1515176646902706185
1516454076292214786
1516047641708318723
1517001825353879553
1518681254836588546
1517258298331914242
1519255040308957185
1518711429439840257
1517240899218067456
1516111792317026314
1516865535090339841
1519629341960855552
1516144538959626249
1515176649809346560
1517215350328283136
1519040030257422344
1517182626183929857
1518592832122015746
1518722604244348934
1516858559669145601
1516530062392274945
1518711429439840257
1518519031384453120
1516159637233582090
1519466430261039105
1516221280906670080
1512562040359038976
1514653472309792768
1511790743291060231
1513524789297790978
1513331298978439170
1513346772076314624
1511999973654675460
1513902260681596935
1513260535831150592
1513973136240398343
1514702532689367042
1512150720190959636
1511433494794227712
1511101130998169604
1512641452362416139
1514669412707672066
1512139093135835153
1512221245315555329
1514453390708903936
1511983285324460034
1511521948320235524
1512189659962613761
1513668217016766465
1512704481414324224
1513955110929547264
1513966443242663936
1510712942072848385
1513737257903177732
1513532810614775811
1514363960824320007
1514392997386878978
1512173374327377931
1510999535270649862
1511856280717078529
1511064684291579906
1510730830745903108
1514339982407831557
1512186186898493452
1513510871879897091
1510792047824826372
1511937805173379079
1511715451738464256
1514680196020023297
1513487024610631683
1514513913597112324
1513959477774626820
1513139734951993345
1513670429457608707
1514849906841866241
1514747832875499528
1513894722837778435
1511645116993314826
1514115108259053568
1512314858695446532
1514511352487841792
1514869633672646659
1512163793027178497
1515336712003727367
1506860723766546434
1504182615011643403
1507461715520282631
1506404937214877698
1505696366169063427
1504534544761995266
1506732785146515464
1504457526586359815
1506975953318203393
1505896004385656833
1506003387908771848
1508447895724376073
1509538506674221067
1504538811333763074
1506725105736507412
1507464710358282240
1506032906447294470
1506734770327375875
1505963986008911878
1509318486656438275
1509571359248109573
1506379439910764545
1506367910549368840
1508627462464233475
1505651412612620300
1506782902050299908
1506315284134699010
1509684630932262918
1508957179574820866
1506390158014398468
1506480857686716417
1506992315797233669
1509250736462471171
1508177941963984901
1509571099952128006
1506880392804114433
1504096647919378432
1508369493638234115
1510036789288968206
1508978877464408073
1506376420464939020
1508940374328418308
1504167158649176068
1509235147870248972
1504438473205370886
1506753960211791872
1508938478909804549
1506793655008473089
1506987892589146119
1509679286734655497
1505620192289767433
1504829069027946500
1507867130901012490
1504553171666055172
1506601664106663940
1504196728676880391
1504836588068560901
1505918765841661960
1506614140466614276
1509072756452872193
1505574896386166793
1504868585424015360
1508557040590868480
1507337499747794946
1505974451434831874
1507880389255352332
1509554191227924495
1504105513356865547
1506380194629623811
1510036379752796162
1508225592893730816
1509319566861737986
1507056956028166144
1506987892589146119
1509927202401538049
1505978771601604616
1504105511297372162
1509259692878540804
1507808191853256710
1510123997895168003
1500644965692715009
1501676233356193804
1503826071006982154
1503506258485288963
1499414299713830913
1500969551537737732
1501676231988817927
1499465379936186373
1501676240180322311
1501676237286260745
1503468241569603584
1503521363927068673
1500543233276858370
1501705135373930497
1501701919571693578
1503837777150025739
1501983063278067720
1500137790868275201
1504250336919396358
1501839472111063040
1502766388930179072
1503869755257765896
1501230010002067456
1502427139978764294
1503536463249645570
1501704992595587081
1503511664594984962
1502458722362265603
1501974413918367746
1501839472111063040
1503496074819899395
1501676236078206976
1499378881631035392
1501724524311678980
1499378881631035392
1501350514344308736
1503032731126714370
1498698251897348101
1500223900847947776
1499228964459618305
1501875514495041543
1503127191713984517
1501316142870237189
1500285031993991174
1502405238619262984
1504219464488960000
1500953371334823944
1501980326473707530
1499531142478893056
1502776202154684421
1499528183535882240
1503839201531363328
1501676238603231239
1501676234773831685
1503065717259780097
1500277075478994944
1501676230617321480
1504130159171051522
1500535777670881285
1499958561203527685
1501246447156703232
1502046613044404234
1502355333506908163
1501674484197208064
1503430989032394754
1504196938169823232
1498946462281052161
1501015596124631041
1503468239963238400
1503536188107411459
1501890617109987330
1503845996601786381
1503455622171353093
1500111891078664196
1504170674746806276
1501008801046020097
1501577189388599301
1504246206352048129
1500293840074203138
1502037832197627909
1501327395021799428
1501183204010573824
1503049747627749385
1500923740581814272
1502310471973621760
1500550531776872452
1498314908471115776
1497368314233905152
1498291348633538564
1497005559475810304
1495888461227872265
1498868189169602560
1498041700337528833
1496902725077979140
1496933459784306699
1498726707938959365
1496691470862106631
1498738771562573826
1498726510047416325
1499169524955987969
1498055769547235329
1496716481652043776
1496269902327562244
1497028580395532288
1497731069076025346
1497731065036906496
1494392358728830978
1497005887948570628
1497584485688393736
1496937774699720707
1496937772006969348
1497378379204468739
1496937773256908801
1496937768215363587
1497285418705989639
1496716484906819589
1498297075984998403
1494078101869023237
1499126313503891456
1496969968809918465
1497348436038934534
1497296326207356936
1495482979212304391
1498295991811907585
1497361928636805125
1498857334071828490
1498777599258116096
1496220338925023236
1495945940540215304
1496932207088259076
1498855847706992643
1497005561497411584
1497370919077138438
1496937769985363974
1499069543779643394
1496716483439001601
1496932207088259076
1494343808397586433
1497361854817087490
1495443631544619008
1495961543359356932
1497377403726925824
1495876888148992003
1497297093823807494
1497021026642759683
1496719442776100865
1498108943188434945
1496695560849473536
1498704627226845188
1499130958800424971
1496986745199423501
1494346813096222721
1498853821132517376
1495960611594903556
1498854602745290758
1494421387431325698
1496263445649448963
1496933084788408322
1494345645037080582
1497391967206088704
1498739214518792193
1498763787050045440
1498851830884884481
1496937775999954965
1497923346125701123
1496933084788408322
1498771307693019139
1497398996159148032
1495391812269211651
1498041944815153155
1497361453556379650
1497331003869872134
1498845518348312577
1497052697702326275
1498357336292802562
1498780492887379969
1488555241482207236
1489677074948370436
1486458929689284608
1492947628799275009
1486159560381501441
1485857490663534592
1486406146118270986
1486028149125169154
1491646757981229059
1491460636462620675
1486103621917888513
1492235106106359814
1492959262431006725
1491592758351450112
1493342926209966086
1488548520093224975
1490221283577319424
1488665467749388292
1486674153730195463
1490317101160087554
1489358040788705280
1493351849583202307
1489373132569956352
1491494611663130628
1489410131674677250
1485798325290942464
1490419923222417419
1489668162484326400
1486842825136349187
1489591233370599427
1491790811771510798
1494028053625851909
1486414022090145807
1491274663972208640
1489385716115288064
1489418432869281797
1491034079843602437
1494037739775406084
1490867982754537480
1491475735520985090
1486141841179385858
1492557569897943044
1493663764343832584
1491698463654006788
1493380621334425602
1491277943624339456
1494099275080294401
1489690222770069504
1490804300934787074
1486640428245991426
1491824282179018780
1493389604992401409
1492135236766892036
1488566361769254912
1485857485424848903
1488159063565385729
1488180588767072256
1489014726113828864
1493358287651328002
1491683363341709314
1492607717286060034
1491758855398649857
1493823308739010564
1491562561254223872
1489600046333149186
1491120950062219264
1492250111560331264
1485857503468752897
1488633257570836481
1486523170425352192
1486375077255987210
1486115490502262785
1494084173119705090
1488524275111890958
1493583645080276992
1490460296011472907
1493715878722084867
1491907329041866753
1480239195146928134
1483082232696868872
1483076434059010053
1478515173883322373
1477701223872614402
1481657292609179655
1480228613932953607
1478006749743431680
1481363997345595394
1478850560900149257
1484273276742299648
1484225258324381707
1480782210793758721
1485681305358520320
1482751405068886021
1480620087547678728
1476301627237797888
1477776722002989056
1480687612658601990
1485349116716597250
1479185124629614597
1483952418064781313
1480564518552014855
1483973267593764864
1484244740233121800
1480923676266663942
1484253948559212547
1479153345365704704
1481785635492937728
1483551806483488770
1479336983809773568
1483460356450226180
1478490517541466116
1485266078309785603
1486048514643791879
1483835141936103429
1480454298093948929
1479242861740756997
1475511798862258176
1482926099147280388
1484209117539409921
1478438756017393665
1481407668946362371
1478546313813934081
1485332204469301258
1479336993964261376
1481024775128596483
1476131555315695618
1480782200740089857
1475910869406134272
1476240345918808067
1480620089498128390
1480298337584791560
1485636627238203400
1483698127177908227
1483936528665661446
1485257949652135940
1480691061253193733
1475867890352013324
1485749260398305285
1476161076232396806
1482542896087715840
1482066761646280706
1481326678488096768
1475868943856422913
1485726057676349442
1483698122719363073
1478804852251803648
1480449520802705409
1481310012177887238
1481394976424660998
1482734582143369220
1484261953270919169
1485486438011785217
1481015064647847936
1481772297010569220
1475927032798146562
1482759552256724992
1485341572073934852
1478403350416797701
1483793539867844609
1485486441505619968
1481679939376193538
1483819321805926402
1483527277946327040
1478818587297021956
1479982536902254596
1478025851455291392
1481335166933024770
